year,county_name,housing_occupancy_total_housing_units,housing_occupancy_total_housing_units_occupied_hou,housing_occupancy_total_housing_units_vacant_housi,housing_occupancy_homeowner_vacancy_rate,housing_occupancy_rental_vacancy_rate,units_in_structure_total_housing_units,units_in_structure_total_housing_units_1_unit_deta,units_in_structure_total_housing_units_1_unit_atta,units_in_structure_total_housing_units_2_units,units_in_structure_total_housing_units_3_or_4_unit,units_in_structure_total_housing_units_5_to_9_unit,units_in_structure_total_housing_units_10_to_19_un,units_in_structure_total_housing_units_20_or_more_,units_in_structure_total_housing_units_mobile_home,units_in_structure_total_housing_units_boat_rv_van,year_structure_built_total_housing_units,year_structure_built_total_housing_units_built_201,year_structure_built_total_housing_units_built_200,year_structure_built_total_housing_units_built_199,year_structure_built_total_housing_units_built_198,year_structure_built_total_housing_units_built_197,year_structure_built_total_housing_units_built_196,year_structure_built_total_housing_units_built_195,year_structure_built_total_housing_units_built_194,year_structure_built_total_housing_units_built_193,rooms_total_housing_units,rooms_total_housing_units_1_room,rooms_total_housing_units_2_rooms,rooms_total_housing_units_3_rooms,rooms_total_housing_units_4_rooms,rooms_total_housing_units_5_rooms,rooms_total_housing_units_6_rooms,rooms_total_housing_units_7_rooms,rooms_total_housing_units_8_rooms,rooms_total_housing_units_9_rooms_or_more,state_fips,county_fips,rooms_total_housing_units_median_rooms,bedrooms_total_housing_units,bedrooms_total_housing_units_no_bedroom,bedrooms_total_housing_units_1_bedroom,bedrooms_total_housing_units_2_bedrooms,bedrooms_total_housing_units_3_bedrooms,bedrooms_total_housing_units_4_bedrooms,bedrooms_total_housing_units_5_or_more_bedrooms,housing_tenure_occupied_housing_units,housing_tenure_occupied_housing_units_owner_occupi,housing_tenure_occupied_housing_units_renter_occup,housing_tenure_average_household_size_of_owner_occ,housing_tenure_average_household_size_of_renter_oc,year_householder_moved_into_unit_occupied_housing_,year_householder_moved_into_unit_occupied_housing_,year_householder_moved_into_unit_occupied_housing_,year_householder_moved_into_unit_occupied_housing_,year_householder_moved_into_unit_occupied_housing_,year_householder_moved_into_unit_occupied_housing_,year_householder_moved_into_unit_occupied_housing_,vehicles_available_occupied_housing_units,vehicles_available_occupied_housing_units_no_vehic,vehicles_available_occupied_housing_units_1_vehicl,vehicles_available_occupied_housing_units_2_vehicl,vehicles_available_occupied_housing_units_3_or_mor,house_heating_fuel_occupied_housing_units,house_heating_fuel_occupied_housing_units_utility_,house_heating_fuel_occupied_housing_units_bottled_,house_heating_fuel_occupied_housing_units_electric,house_heating_fuel_occupied_housing_units_fuel_oil,house_heating_fuel_occupied_housing_units_coal_or_,house_heating_fuel_occupied_housing_units_wood,house_heating_fuel_occupied_housing_units_solar_en,house_heating_fuel_occupied_housing_units_other_fu,house_heating_fuel_occupied_housing_units_no_fuel_,selected_characteristics_occupied_housing_units,selected_characteristics_occupied_housing_units_la,selected_characteristics_occupied_housing_units_la,selected_characteristics_occupied_housing_units_no,occupants_per_room_occupied_housing_units,occupants_per_room_occupied_housing_units_1.00_or_,occupants_per_room_occupied_housing_units_1.01_to_,occupants_per_room_occupied_housing_units_1.51_or_,value_owner_occupied_units,value_owner_occupied_units_less_than_50000,value_owner_occupied_units_50000_to_99999,value_owner_occupied_units_100000_to_149999,value_owner_occupied_units_150000_to_199999,value_owner_occupied_units_200000_to_299999,value_owner_occupied_units_300000_to_499999,value_owner_occupied_units_500000_to_999999,value_owner_occupied_units_1000000_or_more,value_owner_occupied_units_median_dollars,mortgage_status_owner_occupied_units,mortgage_status_owner_occupied_units_housing_units,mortgage_status_owner_occupied_units_housing_units,selected_monthly_owner_costs_smoc_housing_units_wi,selected_monthly_owner_costs_smoc_housing_units_wi,selected_monthly_owner_costs_smoc_housing_units_wi,selected_monthly_owner_costs_smoc_housing_units_wi,selected_monthly_owner_costs_smoc_housing_units_wi,selected_monthly_owner_costs_smoc_housing_units_wi,selected_monthly_owner_costs_smoc_housing_units_wi,selected_monthly_owner_costs_smoc_housing_units_wi,selected_monthly_owner_costs_smoc_housing_units_wi,selected_monthly_owner_costs_smoc_housing_units_wi,selected_monthly_owner_costs_smoc_housing_units_wi,selected_monthly_owner_costs_smoc_housing_units_wi,selected_monthly_owner_costs_smoc_housing_units_wi,selected_monthly_owner_costs_smoc_housing_units_wi,selected_monthly_owner_costs_smoc_housing_units_wi,selected_monthly_owner_costs_smoc_housing_units_wi,selected_monthly_owner_costs_as_a_percentage_of_ho,selected_monthly_owner_costs_as_a_percentage_of_ho,selected_monthly_owner_costs_as_a_percentage_of_ho,selected_monthly_owner_costs_as_a_percentage_of_ho,selected_monthly_owner_costs_as_a_percentage_of_ho,selected_monthly_owner_costs_as_a_percentage_of_ho,selected_monthly_owner_costs_as_a_percentage_of_ho,selected_monthly_owner_costs_as_a_percentage_of_ho,selected_monthly_owner_costs_as_a_percentage_of_ho,selected_monthly_owner_costs_as_a_percentage_of_ho,selected_monthly_owner_costs_as_a_percentage_of_ho,selected_monthly_owner_costs_as_a_percentage_of_ho,selected_monthly_owner_costs_as_a_percentage_of_ho,selected_monthly_owner_costs_as_a_percentage_of_ho,selected_monthly_owner_costs_as_a_percentage_of_ho,selected_monthly_owner_costs_as_a_percentage_of_ho,gross_rent_occupied_units_paying_rent,gross_rent_occupied_units_paying_rent_less_than_20,gross_rent_occupied_units_paying_rent_200_to_299,gross_rent_occupied_units_paying_rent_300_to_499,gross_rent_occupied_units_paying_rent_500_to_749,gross_rent_occupied_units_paying_rent_750_to_999,gross_rent_occupied_units_paying_rent_1000_to_1499,gross_rent_occupied_units_paying_rent_1500_or_more,gross_rent_occupied_units_paying_rent_median_dolla,gross_rent_no_rent_paid,gross_rent_as_a_percentage_of_household_income_gra,gross_rent_as_a_percentage_of_household_income_gra,gross_rent_as_a_percentage_of_household_income_gra,gross_rent_as_a_percentage_of_household_income_gra,gross_rent_as_a_percentage_of_household_income_gra,gross_rent_as_a_percentage_of_household_income_gra,gross_rent_as_a_percentage_of_household_income_gra,gross_rent_as_a_percentage_of_household_income_gra
2013,Union County; Ohio,19514,18216,1298,2.7,4.3,19514,15358,649,324,796,864,446,323,754,0,19514,82,4305,4674,1622,2470,1370,1108,677,3206,19514,56,155,923,2420,3130,3524,3359,2681,3266,39,159,6.4,19514,56,1104,4541,8709,4413,691,18216,13805,4411,2.84,2.32,18216,2375,9618,3309,1201,902,811,18216,954,4502,7695,5065,18216,9295,4021,3478,508,0,646,0,242,26,18216,19,64,459,18216,18045,126,45,13805,805,1340,2994,3272,2794,1982,510,108,171800,13805,10613,3192,10613,2,89,328,1015,3258,2725,3196,1599,3192,8,125,277,563,2219,499,10597,4119,1941,1295,1042,2200,16,3183,1075,654,460,317,144,128,405,9,4091,172,95,243,1254,1417,692,218,810,320,4091,540,652,761,433,342,1363,320
2013,Pike County; Ohio,12463,10859,1604,2.0,3.9,12463,8544,122,131,228,343,12,141,2913,29,12463,97,1895,2606,1809,1787,1086,1552,554,1077,12463,117,151,577,2022,3237,2348,1759,867,1385,39,131,5.6,12463,117,710,3863,5581,1720,472,10859,7803,3056,2.61,2.54,10859,1374,4880,2394,922,590,699,10859,925,3467,3808,2659,10859,2494,2088,4527,573,47,1066,0,60,4,10859,169,210,520,10859,10653,86,120,7803,1663,2448,1747,1032,577,229,39,68,96200,7803,4174,3629,4174,2,238,411,1194,1592,503,234,1072,3629,62,403,779,892,1493,359,4161,1779,553,406,380,1043,13,3604,1499,708,369,349,179,120,380,25,2667,82,141,536,851,752,290,15,676,389,2654,484,173,217,211,203,1366,402
2013,Paulding County; Ohio,8713,7730,983,1.1,10.3,8713,6965,42,66,240,256,31,169,940,4,8713,0,778,1115,746,1560,1238,927,251,2098,8713,55,103,417,979,1717,1985,1496,1081,880,39,125,6.0,8713,60,518,1904,4550,1351,330,7730,6040,1690,2.50,2.50,7730,822,3051,1594,699,866,698,7730,378,2115,3075,2162,7730,2268,1752,3084,207,3,336,0,59,21,7730,31,107,288,7730,7651,62,17,6040,899,2542,1155,727,480,164,56,17,92300,6040,3493,2547,3493,13,164,438,1087,1208,431,152,1014,2547,42,231,569,484,1221,384,3485,1691,453,459,209,673,8,2524,1187,495,301,146,57,63,275,23,1456,40,42,471,562,208,81,52,582,234,1450,206,153,268,123,52,648,240
2013,Hamilton County; Ohio,376927,327914,49013,2.4,10.0,376927,215545,18164,21395,30151,24725,32602,30655,3547,143,376927,1019,20343,28757,31730,44620,56763,64027,29278,100390,376927,6703,9411,43927,58702,66911,64234,45837,35858,45344,39,061,5.5,376927,7784,64920,104790,118419,67121,13893,327914,195255,132659,2.54,2.17,327914,59780,150437,54346,27103,18829,17419,327914,41019,121620,110894,54381,327914,224351,5168,87555,5658,7,1096,60,2147,1872,327914,1241,2547,7306,327914,323313,3281,1320,195255,9426,40732,52653,31387,31242,19565,8285,1965,144400,195255,140516,54739,140516,131,1680,5358,20063,52455,30104,30725,1406,54739,124,1057,3744,8628,41186,526,140117,58414,22410,16037,10919,32337,399,54166,19980,11387,6901,4559,2662,1844,6833,573,127859,4215,5204,17080,46122,26133,22836,6269,698,4800,123300,15804,15093,14746,13544,10398,53715,9359
2013,Franklin County; Ohio,529924,468295,61629,2.5,8.3,529924,286333,49335,17465,42761,53818,34970,40017,5189,36,529924,3103,63841,79233,69280,80114,73850,70270,29321,60912,529924,8037,11901,51826,95435,107181,94031,62859,46627,52027,39,049,5.4,529924,8887,63125,167670,193531,85955,10756,468295,258092,210203,2.57,2.34,468295,103149,232641,68861,29562,19004,15078,468295,39318,183272,176706,68999,468295,349563,5776,108441,2022,63,924,28,713,765,468295,1958,4104,12953,468295,458383,7909,2003,258092,13041,49399,65698,51654,47009,23133,7209,949,150800,258092,198639,59453,198639,261,2587,7110,27377,71405,47510,42389,1436,59453,168,1308,4446,10083,43448,524,197830,79638,35565,23412,15990,43225,809,58686,21943,12339,7963,4889,2983,2210,6359,767,204918,3234,4823,12821,59647,69534,44806,10053,819,5285,198096,24014,27235,26310,24079,17137,79321,12107
2013,Marion County; Ohio,27769,24578,3191,3.1,5.2,27769,21142,565,1319,974,706,454,1199,1393,17,27769,98,2033,2294,1477,4078,4085,3188,1765,8751,27769,537,235,1586,2686,5041,7232,4705,2762,2985,39,101,6.0,27769,609,2387,5944,14156,3984,689,24578,16988,7590,2.45,2.40,24578,4000,10067,4316,2339,2052,1804,24578,1848,7584,9688,5458,24578,15960,2186,4961,842,25,407,10,150,37,24578,69,350,641,24578,24217,308,53,16988,2327,6337,4159,2371,1254,289,224,27,98600,16988,10087,6901,10087,32,325,1019,2826,3888,1323,674,1094,6901,33,239,1475,1641,3513,405,10054,4624,1568,1141,781,1940,33,6827,2794,1244,911,647,365,192,674,74,7241,140,306,1208,2617,2073,773,124,702,349,7192,924,736,838,984,616,3094,398
2013,Tuscarawas County; Ohio,40043,36149,3894,1.2,7.1,40043,29821,770,2408,1645,547,321,715,3806,10,40043,62,4155,5091,3733,5233,3614,4143,1805,12207,40043,524,659,1940,5414,8310,9063,6062,3998,4073,39,157,5.9,40043,547,3331,10836,19279,5076,974,36149,26370,9779,2.58,2.38,36149,4401,15623,7083,3467,2811,2764,36149,2287,11288,13620,8954,36149,23112,2495,7173,1603,10,1322,5,401,28,36149,86,387,1261,36149,35628,440,81,26370,2840,8978,6750,4020,2613,794,242,133,108700,26370,15876,10494,15876,60,521,1853,5018,5632,2040,752,1037,10494,62,975,2163,2856,4438,371,15816,7080,2705,1488,1154,3389,60,10383,4128,2657,1326,752,427,312,781,111,8960,153,316,2191,3732,2070,429,69,622,819,8868,1414,1252,965,1033,665,3539,911
2013,Wayne County; Ohio,45781,42487,3294,1.9,4.1,45781,33149,1828,2798,1536,1612,751,874,3233,0,45781,143,4786,6394,4769,8060,4748,5126,2021,9734,45781,459,462,2821,6054,8444,8843,7067,5227,6404,39,169,6.0,45781,501,3020,11570,21396,7297,1997,42487,31103,11384,2.72,2.32,42487,6093,18267,8461,4443,2760,2463,42487,3588,12511,16177,10211,42487,26377,2742,7532,2437,147,2748,6,372,126,42487,337,776,2165,42487,41521,688,278,31103,2489,6120,9632,6553,4278,1391,401,239,135300,31103,19395,11708,19395,44,548,1515,4254,7999,3382,1653,1179,11708,90,629,1628,2872,6489,420,19377,8402,2817,2604,1493,4061,18,11613,5286,2257,1543,770,485,441,831,95,10622,266,415,1430,4827,2780,742,162,665,762,10432,1589,1390,1524,1409,1072,3448,952
2013,Brown County; Ohio,19261,16380,2881,2.8,8.2,19261,13665,174,239,547,552,201,172,3711,0,19261,115,2631,4380,2831,2660,1451,1331,812,3050,19261,56,111,831,2850,4915,4661,2631,1741,1465,39,015,5.7,19261,59,1159,4664,11008,1981,390,16380,12708,3672,2.73,2.56,16380,1947,6919,3927,1626,1006,955,16380,918,4360,5944,5158,16380,2145,2153,9472,1293,0,1116,0,159,42,16380,77,63,404,16380,16121,210,49,12708,1586,3527,3340,1917,1468,664,80,126,116300,12708,8234,4474,8234,17,184,853,2240,3130,1268,542,1115,4474,0,217,1018,1202,2037,385,8198,2961,1393,1029,842,1973,36,4381,1489,873,661,382,356,113,507,93,3287,116,348,560,1133,668,445,17,667,385,3128,413,480,394,344,339,1158,544
2013,Butler County; Ohio,148303,134612,13691,2.2,7.5,148303,106658,5836,4387,6666,7256,9689,3453,4331,27,148303,389,20732,24409,18552,24825,14011,18664,7154,19567,148303,1345,1445,8253,21316,28286,26750,20833,17479,22596,39,017,6.0,148303,1521,10579,38288,58532,34601,4782,134612,94831,39781,2.71,2.55,134612,21350,63935,26267,10016,7534,5510,134612,7502,41131,54906,31073,134612,76098,4181,44007,7389,0,1531,7,983,416,134612,593,1074,2488,134612,132539,1569,504,94831,5611,17014,21177,21739,19961,7700,1267,362,157400,94831,69821,25010,69821,92,873,3029,11053,23200,17098,14476,1427,25010,78,629,2371,5041,16891,482,69634,28874,12923,8810,4790,14237,187,24789,9725,5402,3308,1692,1338,714,2610,221,37734,577,948,2691,12038,11933,7617,1930,798,2047,37002,4452,4736,4599,3865,2909,16441,2779
2013,Harrison County; Ohio,8109,6395,1714,0.9,2.8,8109,6397,106,164,119,115,72,18,1118,0,8109,50,635,900,620,1324,561,668,733,2618,8109,63,54,383,1126,1822,1629,1196,876,960,39,067,5.9,8109,63,744,2264,3684,1067,287,6395,4907,1488,2.41,2.48,6395,542,2766,1219,633,622,613,6395,310,2001,2397,1687,6395,2301,853,1366,912,70,813,0,78,2,6395,113,66,122,6395,6361,30,4,4907,1030,2177,783,528,252,104,18,15,83500,4907,2699,2208,2699,35,164,489,925,768,265,53,891,2208,50,221,648,643,646,329,2699,1209,426,337,124,603,0,2189,928,509,251,179,110,88,124,19,1358,87,55,334,622,149,70,41,577,130,1323,194,146,116,136,167,564,165
2013,Knox County; Ohio,25184,22583,2601,1.8,3.2,25184,19986,408,1051,1378,535,95,431,1300,0,25184,47,4100,4269,2085,2960,2306,1933,1177,6307,25184,186,565,1375,2620,5101,4597,4679,2419,3642,39,083,6.1,25184,186,2025,5719,11783,4384,1087,22583,16135,6448,2.57,2.47,22583,3517,10135,4712,1832,1314,1073,22583,1819,6362,9103,5299,22583,11986,3309,4399,761,0,1820,0,283,25,22583,193,407,769,22583,22285,210,88,16135,1070,3668,4505,2890,2656,1078,208,60,133500,16135,10836,5299,10836,44,257,839,2303,4125,1996,1272,1217,5299,59,202,1115,1357,2566,394,10822,4538,1853,1361,1133,1937,14,5260,1873,1377,715,401,251,136,507,39,5923,111,294,884,2375,1732,446,81,681,525,5888,888,949,634,475,592,2350,560
2013,Licking County; Ohio,69409,64009,5400,2.2,4.3,69409,52922,1958,1838,4064,2690,1237,1620,3080,0,69409,360,11390,12116,5988,10028,7919,7242,2547,11819,69409,801,1485,3830,7209,12085,14949,10970,8925,9155,39,089,6.1,69409,892,5156,14700,32950,13476,2235,64009,46665,17344,2.61,2.39,64009,9344,30707,12163,5270,3454,3071,64009,3623,17347,26377,16662,64009,40692,5573,13169,1533,10,2515,28,408,81,64009,176,550,1355,64009,63067,708,234,46665,3265,7492,12718,10953,8247,2934,947,109,149500,46665,33534,13131,33534,74,410,1952,5200,11759,7909,6230,1383,13131,85,568,2125,3141,7212,425,33473,13421,6552,4034,2847,6619,61,13004,5087,2825,1661,1060,644,441,1286,127,16275,383,505,2122,5556,4493,2619,597,732,1069,16046,1833,2307,2110,1977,1460,6359,1298
2013,Richland County; Ohio,54444,48458,5986,1.6,5.3,54444,39972,1842,2905,2175,2092,1716,1463,2279,0,54444,95,4094,4799,3800,8250,8474,9160,5031,10741,54444,595,408,3507,7682,10101,11549,8656,5758,6188,39,139,5.9,54444,670,4355,14423,25652,7930,1414,48458,33518,14940,2.45,2.28,48458,7081,20320,9029,4421,3973,3634,48458,4049,17124,17512,9773,48458,30547,3372,9952,1960,42,2188,0,317,80,48458,147,601,1503,48458,48022,303,133,33518,4745,11232,8855,5121,2339,1004,152,70,103500,33518,19919,13599,19919,142,797,2253,5440,6828,2873,1586,1079,13599,147,745,2682,4211,5814,377,19800,8659,3057,2365,1434,4285,119,13481,5680,3041,1685,954,745,472,904,118,14032,302,759,3049,5959,2829,886,248,608,908,13730,2105,2208,1713,1786,1248,4670,1210
2013,Vinton County; Ohio,6226,5191,1035,1.5,13.6,6226,3931,115,66,52,14,31,68,1943,6,6226,19,1139,1247,997,994,466,292,169,903,6226,50,134,454,877,1918,1087,923,406,377,39,163,5.3,6226,50,528,1693,3249,521,185,5191,3964,1227,2.58,2.49,5191,498,2413,1273,453,352,202,5191,289,1520,1837,1545,5191,1061,957,2342,188,63,522,0,54,4,5191,74,45,251,5191,5030,140,21,3964,1001,1728,571,300,268,68,14,14,75700,3964,2296,1668,2296,28,151,350,804,623,149,191,933,1668,25,296,495,397,455,305,2290,988,364,298,104,536,6,1653,718,340,159,169,133,21,113,15,905,32,64,166,400,208,35,0,617,322,905,136,96,58,103,80,432,322
2013,Carroll County; Ohio,13628,11107,2521,3.0,0.0,13628,10928,144,236,209,147,49,66,1847,2,13628,42,1652,2020,1319,2152,1684,1270,576,2913,13628,118,177,872,1613,3117,2879,2092,1230,1530,39,019,5.8,13628,144,1100,3339,6935,1667,443,11107,8753,2354,2.55,2.51,11107,1134,4594,2332,1123,1224,700,11107,650,2884,4441,3132,11107,4011,1617,2631,1388,48,1187,0,214,11,11107,74,184,296,11107,10756,273,78,8753,1165,2670,1898,1346,1108,320,153,93,110400,8753,5284,3469,5284,46,289,451,1442,1807,894,355,1097,3469,25,266,950,1073,1155,341,5268,2054,867,818,374,1155,16,3447,1454,800,384,295,136,64,314,22,1988,54,101,505,815,355,158,0,589,366,1970,340,279,230,192,183,746,384
2013,Hancock County; Ohio,33158,30610,2548,1.5,8.4,33158,23319,1149,1915,1137,1409,1000,1383,1846,0,33158,110,3685,4986,2826,4258,3342,3504,1409,9038,33158,505,564,2166,4109,5033,6587,5370,4044,4780,39,063,6.1,33158,527,2575,8921,14683,5244,1208,30610,21634,8976,2.48,2.20,30610,4852,13879,5363,2859,2111,1546,30610,1753,9332,12502,7023,30610,18883,3386,6749,243,0,1051,0,202,96,30610,24,315,561,30610,30485,51,74,21634,1743,5111,6112,4209,2775,1329,319,36,127800,21634,14130,7504,14130,62,356,928,3348,5047,2662,1727,1223,7504,45,351,1286,1762,4060,417,14125,6672,2403,1738,954,2358,5,7473,3313,1541,790,535,329,221,744,31,8528,181,336,1575,3280,2124,854,178,652,448,8342,1107,1317,1255,830,599,3234,634
2013,Jefferson County; Ohio,32689,28326,4363,1.1,2.5,32689,25935,468,1325,909,677,481,985,1892,17,32689,0,1288,1873,1812,4826,4870,6268,3176,8576,32689,223,249,1616,4132,7001,8503,5084,2846,3035,39,081,5.9,32689,229,2773,9266,15713,3978,730,28326,20690,7636,2.41,2.20,28326,3135,10156,5001,3458,2892,3684,28326,2419,9275,10876,5756,28326,14108,1347,6925,4588,131,1020,0,154,53,28326,142,231,529,28326,28093,165,68,20690,4423,8073,4544,1982,1096,388,83,101,86400,20690,10256,10434,10256,60,512,1622,3596,3256,749,461,945,10434,116,853,2503,3082,3880,359,10219,5147,1363,1212,726,1771,37,10378,4353,2095,1449,825,550,352,754,56,6592,319,542,1521,2790,1145,230,45,575,1044,6429,1250,806,578,796,633,2366,1207
2013,Defiance County; Ohio,16703,15203,1500,2.0,7.0,16703,13292,431,568,432,487,168,259,1066,0,16703,32,1311,1738,1424,2580,1873,1864,728,5153,16703,166,39,574,2336,2856,3966,2825,1962,1979,39,039,6.1,16703,173,689,3927,8816,2504,594,15203,11524,3679,2.59,2.25,15203,2096,6172,2711,1804,1310,1110,15203,740,4366,6542,3555,15203,7387,2713,3884,384,0,686,0,99,50,15203,27,126,309,15203,14971,169,63,11524,1358,3968,2904,1862,1032,240,112,48,106100,11524,7152,4372,7152,41,129,865,1748,2905,1067,397,1104,4372,56,243,677,1107,2289,410,7075,3389,1110,734,546,1296,77,4341,1722,1022,684,277,137,145,354,31,3257,51,176,761,1176,871,194,28,632,422,3235,455,612,334,395,170,1269,444
2013,Highland County; Ohio,19279,16918,2361,0.9,3.3,19279,14093,179,289,698,347,159,183,3320,11,19279,147,2624,3443,2605,2761,1449,1574,899,3777,19279,83,130,1049,2513,4322,4791,2869,1606,1916,39,071,5.8,19279,164,1030,5021,9789,2773,502,16918,11996,4922,2.56,2.49,16918,2492,8077,3156,1446,809,938,16918,1230,5080,6468,4140,16918,4106,2278,8197,1129,10,948,0,151,99,16918,84,250,651,16918,16621,203,94,11996,1670,4192,3041,1382,1058,457,139,57,101800,11996,7762,4234,7762,11,257,833,2423,2749,1018,471,1054,4234,89,378,1030,1085,1652,348,7760,2771,1262,1016,483,2228,2,4195,1612,1080,450,332,256,83,382,39,4382,167,289,780,1949,697,463,37,631,540,4372,595,383,598,596,410,1790,550
2013,Henry County; Ohio,11918,11006,912,1.9,3.1,11918,9498,238,585,189,364,96,91,833,24,11918,0,726,1188,1068,1814,947,1270,746,4159,11918,57,174,309,1278,2201,2518,1994,1555,1832,39,069,6.3,11918,68,650,2683,5924,2165,428,11006,8738,2268,2.54,2.40,11006,1306,4205,2265,1274,1017,939,11006,464,2907,4710,2925,11006,5983,2406,1896,201,13,366,9,109,23,11006,18,50,197,11006,10885,104,17,8738,809,2791,2403,1488,1018,153,62,14,114000,8738,5260,3478,5260,19,108,398,1465,2047,855,368,1145,3478,17,166,538,732,2025,434,5235,2339,713,625,485,1073,25,3470,1289,589,539,263,272,148,370,8,1986,52,19,325,924,473,163,30,673,282,1955,401,257,268,248,114,667,313
2013,Portage County; Ohio,67487,60992,6495,1.8,4.8,67487,44308,4196,2039,2240,3839,3324,2681,4860,0,67487,254,9404,10155,6513,12481,8310,8157,2426,9787,67487,914,733,3949,10094,12585,13471,9591,7066,9084,39,133,5.9,67487,955,5178,16424,31087,11291,2552,60992,41607,19385,2.69,2.29,60992,9263,27017,11578,5679,4143,3312,60992,3293,18638,24444,14617,60992,39547,3060,11519,4272,103,1393,16,954,128,60992,189,433,1296,60992,60389,485,118,41607,4336,5819,10590,8838,7908,3030,695,391,150300,41607,28399,13208,28399,86,410,1922,4499,10547,6357,4578,1341,13208,35,498,1357,2648,8670,470,28269,12092,4755,3664,2019,5739,130,13053,4828,3130,1563,1176,633,437,1286,155,18658,363,522,1529,5958,5346,3691,1249,802,727,18092,2142,2483,2045,1600,1377,8445,1293
2013,Putnam County; Ohio,13722,13022,700,0.6,7.3,13722,11810,281,345,232,215,89,194,556,0,13722,54,1517,1812,1346,2191,1144,1211,690,3757,13722,138,60,393,960,1760,2968,2962,2247,2234,39,137,6.7,13722,152,536,2280,7699,2624,431,13022,10953,2069,2.64,2.43,13022,1134,4920,2694,1592,1287,1395,13022,524,2730,5177,4591,13022,4006,3084,4812,468,7,447,0,175,23,13022,13,82,181,13022,12888,74,60,10953,730,2609,2957,2409,1745,435,54,14,133500,10953,6354,4599,6354,50,61,526,1860,2410,1016,431,1123,4599,8,231,800,1329,2231,395,6338,3322,1148,638,309,921,16,4559,2366,884,427,222,232,139,289,40,1784,123,54,255,761,359,216,16,650,285,1739,519,258,172,219,204,367,330
2013,Belmont County; Ohio,32327,28329,3998,1.1,6.0,32327,24235,518,1705,879,1080,428,779,2691,12,32327,107,2237,2659,2268,4838,3102,3799,2450,10867,32327,362,437,1669,4533,7472,7470,4782,2975,2627,39,013,5.7,32327,406,2926,9912,15091,3181,811,28329,21143,7186,2.41,2.11,28329,3143,11715,5057,2607,2672,3135,28329,2252,9777,9824,6476,28329,13445,1929,7857,3474,80,1300,0,155,89,28329,84,184,492,28329,28186,102,41,21143,4461,7756,3957,2348,1752,725,94,50,88500,21143,10780,10363,10780,60,696,1675,3404,3202,1105,638,961,10363,66,1046,2965,2841,3445,336,10705,5272,1782,1045,767,1839,75,10222,4429,2323,1437,717,414,244,658,141,6320,438,597,1646,2438,960,201,40,533,866,6224,1330,658,850,829,619,1938,962
2013,Clinton County; Ohio,18088,15969,2119,2.2,11.0,18088,13154,199,799,710,813,495,461,1457,0,18088,55,2399,3286,1566,2554,1687,2239,1063,3239,18088,304,205,992,2882,4067,3505,2695,1480,1958,39,027,5.7,18088,320,1186,5093,8603,2386,500,15969,10671,5298,2.63,2.43,15969,2700,7019,3247,1051,1295,657,15969,1134,4701,5781,4353,15969,5840,2396,5877,955,0,643,0,202,56,15969,31,110,522,15969,15683,275,11,10671,945,3133,3021,1734,1341,361,90,46,118600,10671,7135,3536,7135,18,283,477,1630,2584,1492,651,1217,3536,0,174,505,999,1858,412,7128,2641,1393,753,634,1707,7,3462,1265,874,511,238,104,109,361,74,4880,196,275,549,2266,927,608,59,668,418,4783,733,745,455,514,505,1831,515
2013,Fayette County; Ohio,12661,11514,1147,2.1,5.0,12661,9680,182,690,615,702,112,154,526,0,12661,40,1789,1429,1001,1923,1413,1355,930,2781,12661,87,160,956,1348,2806,3057,2017,1040,1190,39,047,5.8,12661,105,1173,3364,6378,1406,235,11514,7188,4326,2.43,2.52,11514,1853,5149,2060,1005,760,687,11514,842,3966,3944,2762,11514,5043,1382,4183,617,0,221,0,56,12,11514,51,71,281,11514,11325,169,20,7188,765,2496,1901,1010,664,233,104,15,107000,7188,4384,2804,4384,10,133,538,1206,1576,581,340,1080,2804,18,148,449,736,1453,408,4375,1615,654,612,365,1129,9,2789,972,641,432,212,136,102,294,15,4028,105,252,333,1740,1066,506,26,696,298,3959,470,544,438,311,461,1735,367
2013,Perry County; Ohio,15129,13793,1336,2.2,5.2,15129,11141,135,210,410,320,83,347,2447,36,15129,47,2154,2252,1860,1765,882,926,790,4453,15129,146,198,684,2489,3367,3606,1897,1497,1245,39,127,5.7,15129,152,1164,4245,7646,1533,389,13793,9721,4072,2.66,2.42,13793,1869,6368,2590,1106,1020,840,13793,1059,3694,5434,3606,13793,6499,1793,3901,316,30,1121,0,117,16,13793,118,104,1785,13793,13490,265,38,9721,1957,3337,1730,1285,1014,238,129,31,93100,9721,5923,3798,5923,48,268,552,2118,1735,800,402,996,3798,31,431,858,1186,1292,343,5910,2472,1210,772,368,1088,13,3771,1590,762,447,298,269,162,243,27,3548,208,330,813,1152,783,262,0,583,524,3382,603,296,371,398,267,1447,690
2013,Pickaway County; Ohio,21178,19167,2011,1.7,4.0,21178,16805,350,505,630,647,170,232,1839,0,21178,121,3648,3452,2290,2813,1944,1844,661,4405,21178,32,191,834,2588,4929,4579,3315,2050,2660,39,129,5.9,21178,38,1033,4611,11501,3336,659,19167,14303,4864,2.75,2.52,19167,2825,8792,3680,1817,1240,813,19167,1264,4733,7654,5516,19167,9358,3550,4952,618,0,468,0,185,36,19167,98,139,514,19167,18868,278,21,14303,1250,2319,3642,3551,2347,857,186,151,149200,14303,9624,4679,9624,8,134,473,1557,3451,2405,1596,1382,4679,51,172,492,1127,2837,439,9578,3788,1864,1065,723,2138,46,4673,1859,1002,703,282,307,158,362,6,4499,113,145,550,1601,1225,809,56,732,365,4483,487,585,750,562,495,1604,381
2013,Madison County; Ohio,15897,14611,1286,2.9,4.7,15897,12159,591,437,609,555,237,372,916,21,15897,49,2076,2403,1629,2722,1693,1503,866,2956,15897,344,189,721,2224,3487,3203,2262,1774,1693,39,097,5.8,15897,344,949,4109,7329,2654,512,14611,10426,4185,2.67,2.40,14611,1770,7165,2638,1363,1008,667,14611,817,4181,5683,3930,14611,7475,2306,3701,726,13,127,0,186,77,14611,123,431,377,14611,14445,149,17,10426,927,1763,2806,1939,1796,760,240,195,144100,10426,7396,3030,7396,0,144,357,1472,2804,1504,1115,1305,3030,0,112,297,580,2041,474,7396,3050,1383,815,641,1507,0,2993,1101,642,429,243,186,109,283,37,3871,33,181,478,1274,1119,542,244,741,314,3848,637,574,420,556,345,1316,337
2013,Muskingum County; Ohio,37877,33976,3901,2.1,9.6,37877,27032,422,1486,1873,1938,779,844,3500,3,37877,50,4471,4464,3698,5207,4036,3536,2245,10170,37877,380,800,2114,6290,8508,8294,5315,3216,2960,39,119,5.6,37877,398,3514,11334,17138,4526,967,33976,23202,10774,2.50,2.39,33976,5038,14842,5621,3568,2552,2355,33976,2581,10955,12152,8288,33976,19244,2768,9156,1139,12,1173,18,356,110,33976,74,166,2077,33976,33441,488,47,23202,3627,6897,5801,3513,2206,707,279,172,108500,23202,14229,8973,14229,46,605,1624,3940,4924,1824,1266,1075,8973,99,577,1946,2762,3589,367,14135,6054,2309,1749,906,3117,94,8898,3203,2040,1403,645,457,263,887,75,9789,403,581,1771,3888,2194,878,74,624,985,9570,1422,1171,1272,975,765,3965,1204
2013,Sandusky County; Ohio,26305,23906,2399,1.6,10.4,26305,20461,534,1144,1164,534,339,605,1514,10,26305,16,2102,2459,1958,3125,2888,3950,1692,8115,26305,291,234,1363,2832,4992,6181,4522,2758,3132,39,143,6.1,26305,337,1962,6395,12917,3809,885,23906,18110,5796,2.51,2.33,23906,2732,10211,4639,2540,1920,1864,23906,1182,7902,9195,5627,23906,14325,3991,4428,348,0,539,23,184,68,23906,37,245,806,23906,23674,148,84,18110,1617,6258,5160,2793,1676,507,76,23,110400,18110,11468,6642,11468,10,337,902,3166,4626,1502,925,1117,6642,21,350,1302,1958,3011,383,11448,4890,2026,1499,613,2420,20,6564,2674,1254,1047,431,266,160,732,78,5334,217,225,982,2460,1021,309,120,613,462,5276,786,774,615,593,337,2171,520
2013,Van Wert County; Ohio,12624,11442,1182,2.2,6.3,12624,10593,199,407,308,122,83,72,830,10,12624,30,626,1158,734,1636,1411,1602,1166,4261,12624,27,26,436,1277,2156,2854,2401,1705,1742,39,161,6.3,12624,34,530,3046,6174,2325,515,11442,9039,2403,2.44,2.61,11442,1265,4445,2483,1243,1007,999,11442,520,3432,4854,2636,11442,5631,1809,3344,203,14,236,0,168,37,11442,16,87,240,11442,11315,127,0,9039,1458,3651,1879,1101,702,189,36,23,88600,9039,5038,4001,5038,17,222,817,1542,1628,592,220,984,4001,12,332,981,1277,1399,348,5003,2381,892,499,352,879,35,3921,1827,807,448,269,152,181,237,80,2110,12,29,432,1087,357,158,35,618,293,2072,322,354,267,187,175,767,331
2013,Washington County; Ohio,28217,25029,3188,1.8,10.1,28217,20338,336,819,1220,775,570,789,3309,61,28217,77,2171,3321,3593,4880,3674,3218,1149,6134,28217,307,373,1896,3873,6168,5520,3778,2683,3619,39,167,5.8,28217,316,2421,8004,12330,4124,1022,25029,18843,6186,2.47,2.16,25029,3417,9987,4778,2919,2097,1831,25029,1524,7912,9518,6075,25029,17080,1600,4833,182,34,939,0,324,37,25029,143,238,783,25029,24799,186,44,18843,2448,5971,4762,3088,1627,668,208,71,108600,18843,10003,8840,10003,51,324,1276,2807,3733,1159,653,1056,8840,31,946,2753,2292,2818,327,9946,4653,1679,1050,622,1942,57,8724,4254,1788,866,610,401,204,601,116,5559,122,316,1447,2487,877,238,72,591,627,5422,561,647,919,645,522,2128,764
2013,Auglaize County; Ohio,19578,18241,1337,1.4,5.7,19578,15685,504,646,763,389,220,466,905,0,19578,60,1922,2316,1738,3329,1922,2094,927,5270,19578,169,268,879,2332,3573,4481,3495,2036,2345,39,011,6.1,19578,211,1393,4481,9666,3221,606,18241,13616,4625,2.54,2.31,18241,2422,7602,3466,1854,1509,1388,18241,721,4908,7489,5123,18241,9465,3154,4076,422,17,806,34,214,53,18241,22,49,334,18241,18009,213,19,13616,952,3661,3580,2697,1920,629,117,60,129400,13616,8496,5120,8496,25,180,579,2268,3205,1506,733,1177,5120,17,272,972,1524,2335,385,8496,3925,1369,1102,632,1468,0,5083,2168,1241,543,389,260,186,296,37,4246,82,189,733,1794,759,480,209,657,379,4225,995,588,546,604,186,1306,400
2013,Darke County; Ohio,22689,20776,1913,2.1,6.3,22689,18759,491,889,793,473,125,264,895,0,22689,40,1172,1655,1427,3750,2444,2465,1598,8138,22689,209,169,965,2376,4406,5444,3799,2772,2549,39,037,6.1,22689,231,1408,5669,11662,3187,532,20776,15450,5326,2.58,2.28,20776,2731,7827,3938,2264,2136,1880,20776,1170,6491,7467,5648,20776,7911,3667,6532,1251,36,893,10,326,150,20776,83,247,452,20776,20544,163,69,15450,1484,5295,3870,2670,1285,647,162,37,110600,15450,8892,6558,8892,11,314,989,2714,3069,1248,547,1057,6558,44,399,1345,1863,2907,383,8872,3876,1521,898,874,1703,20,6483,2549,1664,767,418,331,203,551,75,4853,168,166,1243,2053,941,246,36,585,473,4772,814,864,507,484,584,1519,554
2013,Ottawa County; Ohio,27876,17614,10262,3.4,5.1,27876,19980,592,644,714,1129,476,621,3720,0,27876,129,3468,4019,3501,3238,2595,3920,1647,5359,27876,375,386,1997,4625,5418,5662,4114,2285,3014,39,123,5.7,27876,386,2099,8569,12179,3637,1006,17614,14184,3430,2.31,2.26,17614,2016,6816,3979,1897,1595,1311,17614,865,5371,7191,4187,17614,10253,3446,2707,553,0,558,9,87,1,17614,92,199,525,17614,17477,124,13,14184,1297,2925,3735,2344,2365,896,459,163,136000,14184,8506,5678,8506,11,201,789,1664,3109,1547,1185,1241,5678,55,185,812,1306,3320,434,8451,3587,1238,1244,671,1711,55,5639,2161,1249,741,409,255,137,687,39,3169,30,206,275,1258,739,491,170,716,261,3160,550,436,280,298,316,1280,270
2013,Hardin County; Ohio,13087,11504,1583,3.9,7.2,13087,10077,212,438,518,302,226,536,778,0,13087,60,1224,1236,999,1864,1191,1209,769,4535,13087,105,157,788,1637,2754,2415,2400,1496,1335,39,065,6.0,13087,105,1132,3376,6166,1906,402,11504,8066,3438,2.64,2.41,11504,1626,4989,2270,948,940,731,11504,878,3449,4255,2922,11504,5197,2436,2827,157,3,815,0,41,28,11504,166,239,341,11504,11294,148,62,8066,1164,3152,1763,977,690,159,120,41,95600,8066,4972,3094,4972,21,249,556,1706,1685,432,323,992,3094,26,245,635,861,1327,378,4942,2221,840,518,416,947,30,3073,1160,721,336,266,156,103,331,21,3165,78,184,663,1229,811,177,23,645,273,3017,474,403,232,389,321,1198,421
2013,Jackson County; Ohio,14546,13288,1258,1.2,3.6,14546,10322,123,279,511,423,204,193,2480,11,14546,39,1964,2389,1935,1847,933,1505,885,3049,14546,74,191,882,2110,3396,3023,2311,1403,1156,39,079,5.7,14546,86,1415,3857,6776,1958,454,13288,8934,4354,2.51,2.36,13288,1651,6083,2612,1255,936,751,13288,1286,4300,4222,3480,13288,5081,1565,5543,329,66,566,45,48,45,13288,78,104,1154,13288,13015,226,47,8934,2001,3168,1722,951,818,204,33,37,89600,8934,4957,3977,4957,0,104,592,1669,1628,691,273,1028,3977,38,327,1069,977,1566,368,4957,2216,597,469,307,1368,0,3873,1108,981,581,362,166,191,484,104,3683,153,267,807,1370,772,282,32,609,671,3645,521,607,369,418,369,1361,709
2013,Huron County; Ohio,25127,22361,2766,2.8,12.2,25127,18107,571,1432,1269,985,287,417,2043,16,25127,51,2269,3466,2494,3483,2411,2420,983,7550,25127,197,187,1347,3421,4183,5303,4083,2996,3410,39,077,6.1,25127,206,1707,5984,11834,4356,1040,22361,16293,6068,2.64,2.54,22361,3044,9743,4347,2079,1571,1577,22361,1481,6221,9337,5322,22361,11357,3421,5332,664,3,1340,3,197,44,22361,25,52,419,22361,21913,292,156,16293,1790,4666,4239,2991,1832,523,150,102,118800,16293,10563,5730,10563,20,321,1081,2300,4068,1974,799,1170,5730,48,238,986,1432,3026,412,10563,4439,2018,1270,925,1911,0,5683,2396,1149,618,490,243,210,577,47,5634,151,211,1038,2436,1241,545,12,619,434,5519,848,927,621,708,414,2001,549
2013,Athens County; Ohio,26279,22181,4098,2.5,8.2,26279,14485,458,1304,1793,1302,724,1742,4461,10,26279,113,3296,4410,3519,3854,2381,1449,1131,6126,26279,580,792,2322,4908,5875,4843,2616,2285,2058,39,009,5.3,26279,630,3207,7885,10057,3541,959,22181,12561,9620,2.60,2.35,22181,5335,8978,3959,1724,1155,1030,22181,2035,7860,7616,4670,22181,9420,1874,9251,253,36,1240,9,84,14,22181,338,353,1050,22181,21982,165,34,12561,2437,2895,2579,2289,1439,616,188,118,115500,12561,6799,5762,6799,18,233,961,1670,2351,1034,532,1093,5762,74,513,1086,1384,2705,389,6779,2934,1071,744,637,1393,20,5697,2284,1361,618,418,358,239,419,65,9053,273,308,1188,3517,2390,859,518,689,567,8653,646,801,869,799,458,5080,967
2013,Adams County; Ohio,12867,10816,2051,2.1,9.4,12867,8764,76,107,219,121,23,157,3378,22,12867,46,1336,2691,2007,2254,962,963,487,2121,12867,104,88,722,2135,3001,2933,2006,857,1021,39,001,5.6,12867,121,945,3801,5975,1700,325,10816,7914,2902,2.65,2.45,10816,1424,4792,2375,808,923,494,10816,746,3509,3667,2894,10816,1077,2360,5501,754,0,995,0,67,62,10816,49,93,448,10816,10543,246,27,7914,1958,2321,1632,906,619,328,116,34,92900,7914,4444,3470,4444,31,177,802,1321,1449,391,273,979,3470,88,409,761,853,1359,345,4425,1733,606,494,377,1215,19,3436,1311,637,484,270,141,181,412,34,2501,122,281,625,866,503,94,10,531,401,2399,363,194,274,203,284,1081,503
2013,Medina County; Ohio,69494,65499,3995,1.6,4.4,69494,54428,4589,1851,1336,1957,2756,1788,781,8,69494,389,13126,13406,7070,13543,5791,6440,2008,7721,69494,595,490,2407,7692,10283,12666,11171,10641,13549,39,103,6.6,69494,640,2824,14313,28710,19987,3020,65499,52107,13392,2.73,2.23,65499,8035,30674,13809,5921,4656,2404,65499,2609,16604,29511,16775,65499,48984,3257,9441,1616,34,1389,15,617,146,65499,309,670,1453,65499,64878,440,181,52107,1356,4082,10861,14739,14125,5747,1065,132,181000,52107,38478,13629,38478,35,622,1359,4421,12222,11068,8751,1524,13629,13,300,914,2421,9981,497,38365,15676,7406,4527,3002,7754,113,13482,5656,3049,1621,1070,611,293,1182,147,12636,91,201,765,3964,4470,2466,679,821,756,12519,1648,2055,1445,1523,1308,4540,873
2013,Lucas County; Ohio,202196,178101,24095,2.8,8.7,202196,136649,8208,10546,7356,10527,12105,11667,5067,71,202196,391,13739,13366,16446,26733,24355,35372,16547,55247,202196,2312,2944,15569,28296,40236,43108,29732,19756,20243,39,095,5.8,202196,2626,22598,57436,84604,29612,5320,178101,110797,67304,2.52,2.24,178101,32428,78535,30066,15731,10666,10675,178101,19216,68782,63639,26464,178101,142320,4455,28557,872,30,867,14,596,390,178101,530,1367,3604,178101,176546,1282,273,110797,16373,33902,26303,16122,12003,4494,1279,321,108700,110797,74582,36215,74582,194,2123,5549,15869,27468,13406,9973,1216,36215,169,1636,5293,8052,21065,438,74333,29495,13318,9020,5757,16743,249,35458,11963,8278,4445,2927,2012,1487,4346,757,64636,3194,2508,10724,24763,14928,7288,1231,649,2668,62110,8485,7182,6828,6778,5284,27553,5194
2013,Noble County; Ohio,6030,4883,1147,1.6,2.9,6030,4733,40,87,78,65,48,39,940,0,6030,12,673,1001,678,897,288,297,423,1761,6030,29,140,377,1101,1339,1069,782,671,522,39,121,5.5,6030,29,469,2028,2563,791,150,4883,3919,964,2.54,2.17,4883,398,1690,1111,676,584,424,4883,280,1383,1828,1392,4883,2475,863,646,234,0,513,0,133,19,4883,56,58,131,4883,4784,99,0,3919,1035,1414,773,310,250,50,83,4,77300,3919,1455,2464,1455,0,160,234,461,472,80,48,908,2464,47,297,661,672,787,333,1449,599,172,88,222,368,6,2461,1270,401,272,242,92,54,130,3,826,5,40,245,349,164,23,0,581,138,826,76,82,107,67,108,386,138
2013,Seneca County; Ohio,24035,21651,2384,1.8,8.5,24035,18928,485,1374,663,596,253,519,1205,12,24035,27,1365,2170,1714,3102,2403,2821,1382,9051,24035,243,190,916,2590,4644,5059,4196,2994,3203,39,147,6.2,24035,280,1577,5806,11137,4407,828,21651,15672,5979,2.50,2.41,21651,2612,8504,3734,2532,2411,1858,21651,1338,6670,8357,5286,21651,11675,3335,4647,657,12,1074,13,201,37,21651,49,211,510,21651,21474,133,44,15672,2165,5927,3806,2220,1063,380,78,33,97900,15672,9336,6336,9336,40,312,1402,2917,3117,1081,467,1000,6336,34,386,1600,1773,2543,363,9295,4683,1457,836,675,1644,41,6297,2492,1643,657,597,310,138,460,39,5589,130,171,1242,2363,1187,480,16,619,390,5445,779,821,878,572,497,1898,534
2013,Stark County; Ohio,165036,150003,15033,1.5,6.8,165036,122888,7174,9242,6067,6558,4492,4898,3700,17,165036,503,12889,15144,12914,25913,20951,26450,14281,35991,165036,1885,1489,8059,22421,32037,35450,26269,17614,19812,39,151,6.0,165036,2006,12140,44035,76246,26654,3955,150003,104991,45012,2.53,2.23,150003,21063,63917,27704,14410,11851,11058,150003,10780,49908,58731,30584,150003,119014,2244,20359,5477,57,1959,21,697,175,150003,636,1460,3814,150003,148644,1082,277,104991,9919,28066,30563,19467,11188,4519,936,333,122400,104991,68635,36356,68635,239,2101,6165,16302,26030,11198,6600,1159,36356,266,2052,6605,9318,18115,400,68331,29727,11938,7414,5506,13746,304,35944,14643,7550,4761,3132,1639,1215,3004,412,42880,1571,1738,6490,17824,11119,3418,720,666,2132,42140,6462,4908,5448,4800,3934,16588,2872
2013,Coshocton County; Ohio,16426,14495,1931,2.2,9.7,16426,11902,176,589,444,380,31,276,2628,0,16426,61,1492,1960,1532,2214,1555,1699,650,5263,16426,156,128,1091,2245,3543,3737,2556,1581,1389,39,031,5.8,16426,156,1052,4930,7709,2030,549,14495,10717,3778,2.51,2.52,14495,1390,6486,2830,1719,950,1120,14495,1102,4204,5758,3431,14495,6734,1673,3446,1063,21,1376,0,156,26,14495,34,89,372,14495,14288,153,54,10717,2206,3709,2115,1448,825,313,59,42,93300,10717,5972,4745,5972,9,326,885,1838,1982,621,311,990,4745,54,785,1049,1575,1282,327,5961,2640,792,738,390,1401,11,4706,2184,1011,513,273,150,268,307,39,3290,130,292,737,1623,379,111,18,564,488,3286,719,373,413,373,180,1228,492
2013,Delaware County; Ohio,67015,64208,2807,1.3,4.7,67015,52178,4579,853,2185,2838,1575,1511,1296,0,67015,734,23982,18755,6505,5649,3504,2045,678,5163,67015,288,665,3090,5023,8258,9861,9573,10581,19676,39,041,7.2,67015,300,2514,11384,24782,24562,3473,64208,52814,11394,2.81,2.36,64208,9388,36879,11348,3671,1872,1050,64208,1491,14802,32092,15823,64208,46126,4539,10635,1653,0,838,0,361,56,64208,65,91,1499,64208,63552,490,166,52814,1475,2230,5330,9355,15846,14006,4247,325,246300,52814,42445,10369,42445,35,284,610,2164,7902,10975,20475,1967,10369,27,235,482,870,8755,640,42311,17165,8102,5451,3597,7996,134,10317,4298,2105,1247,794,509,295,1069,52,10719,117,176,387,2409,3544,2839,1247,883,675,10607,1394,1757,1494,1464,992,3506,787
2013,Geauga County; Ohio,36552,34621,1931,1.4,6.0,36552,31235,1272,701,277,550,505,682,1330,0,36552,101,4122,5826,4533,6050,4166,5496,1437,4821,36552,241,211,790,2280,4883,6408,5970,6420,9349,39,055,7.1,36552,252,1264,5564,15700,10811,2961,34621,29968,4653,2.73,2.33,34621,2918,13641,8167,4432,3258,2205,34621,2488,7442,14587,10104,34621,18893,1415,6421,4415,688,2319,0,460,10,34621,219,1024,1076,34621,34104,391,126,29968,1544,1360,3564,6148,9234,6011,1780,327,224700,29968,20841,9127,20841,49,360,606,2100,5359,4916,7451,1692,9127,105,358,757,1029,6878,548,20774,7962,3143,2355,1849,5465,67,9065,3560,1638,1236,668,477,367,1119,62,4113,16,165,471,1177,1060,926,298,802,540,4027,511,851,486,459,481,1239,626
2013,Hocking County; Ohio,13349,11478,1871,2.0,8.0,13349,9609,190,293,193,293,108,128,2527,8,13349,117,2031,2375,1699,1531,1004,1215,664,2713,13349,120,140,802,2190,3044,2698,2022,1158,1175,39,073,5.6,13349,139,1085,3962,6308,1660,195,11478,8747,2731,2.55,2.28,11478,1406,5023,2459,1043,869,678,11478,714,3601,4153,3010,11478,4106,1848,4242,292,18,878,0,74,20,11478,87,79,629,11478,11272,156,50,8747,1610,2379,1935,1466,889,297,112,59,109800,8747,5497,3250,5497,0,268,694,1363,2154,681,337,1082,3250,53,488,857,835,1017,321,5490,2382,940,639,469,1060,7,3237,1282,829,342,154,201,104,325,13,2473,126,94,619,945,459,230,0,584,258,2447,334,250,281,314,187,1081,284
2013,Lake County; Ohio,101218,94048,7170,2.0,7.4,101218,73851,6708,1792,2506,4465,3655,6046,2149,46,101218,605,8363,11954,10027,17600,15070,20925,6098,10576,101218,1077,971,4530,12130,19162,21716,17151,11229,13252,39,085,6.1,101218,1147,7014,21653,48912,19307,3185,94048,70497,23551,2.50,2.15,94048,12404,38456,19012,10048,7697,6431,94048,5344,31620,37496,19588,94048,79011,1103,11199,1404,38,683,0,422,188,94048,276,511,1410,94048,93238,527,283,70497,3229,9610,21911,15954,13684,4900,1043,166,151300,70497,48559,21938,48559,78,901,2193,7445,18197,11655,8090,1379,21938,30,375,1805,4694,15034,471,48407,19087,8425,6431,3839,10625,152,21713,7954,4556,2916,1756,1277,802,2452,225,22436,249,504,1048,7157,7987,4838,653,806,1115,22020,3231,2663,3040,2724,1896,8466,1531
2013,Ross County; Ohio,31927,28308,3619,2.2,6.2,31927,23169,600,858,802,876,458,790,4338,36,31927,137,3306,5998,3171,3944,2901,3970,1701,6799,31927,339,378,1548,4631,7548,7200,4797,2558,2928,39,141,5.7,31927,354,2574,8686,15309,4221,783,28308,20533,7775,2.52,2.55,28308,3753,11944,6236,2721,1852,1802,28308,1918,7991,10541,7858,28308,8757,3830,12656,1814,22,1052,0,90,87,28308,202,320,545,28308,27752,446,110,20533,2898,6010,5438,3454,1807,687,185,54,111100,20533,12693,7840,12693,20,362,1165,3138,5179,1864,965,1131,7840,44,534,1682,2215,3365,375,12513,5845,1904,1223,906,2635,180,7785,3149,1666,1025,497,440,216,792,55,6825,224,414,1168,2760,1688,429,142,641,950,6676,931,702,733,878,663,2769,1099
2013,Cuyahoga County; Ohio,620028,534476,85552,2.4,9.3,620028,366075,33899,58371,23071,26195,30588,78064,3553,212,620028,1102,26308,34008,33801,60829,82695,128255,63925,189105,620028,11391,9695,51330,84036,124614,125025,83073,59522,71342,39,035,5.7,620028,12436,75648,172846,232358,103261,23479,534476,325389,209087,2.46,2.12,534476,86654,229110,92055,50294,36535,39828,534476,72253,217772,177652,66799,534476,455486,4280,64820,1529,28,809,258,4188,3078,534476,3257,7160,10974,534476,529460,3655,1361,325389,28095,86214,84884,53815,42375,21109,7382,1515,125700,325389,216398,108991,216398,408,3346,11065,35741,79447,45460,40931,1355,108991,359,2858,9421,17424,78929,511,215268,81026,34932,24907,17308,57095,1130,107900,33512,22750,14572,10527,6667,5200,14672,1091,200483,7647,8898,18802,70599,54106,32215,8216,732,8604,192451,24564,23100,21698,21472,15229,86388,16636
2013,Holmes County; Ohio,13610,12467,1143,0.7,5.6,13610,11029,465,326,223,222,31,85,1224,5,13610,56,2073,2228,1976,1951,910,845,442,3129,13610,10,195,810,1549,2414,2537,1793,1475,2827,39,075,6.2,13610,14,801,3420,5216,1981,2178,12467,9480,2987,3.51,2.90,12467,1204,5546,2677,1483,932,625,12467,3883,2357,3394,2833,12467,5621,1469,1785,329,95,3004,0,157,7,12467,152,628,2561,12467,11995,432,40,9480,907,1499,2282,1597,1934,790,310,161,151400,9480,4992,4488,4992,8,139,553,1463,1731,668,430,1077,4488,180,520,1159,1067,1562,333,4992,2128,787,463,561,1053,0,4349,2099,1143,500,250,104,90,163,139,2428,80,256,543,1001,387,116,45,564,559,2385,824,340,185,262,94,680,602
2013,Miami County; Ohio,44185,41239,2946,1.7,5.5,44185,34595,1093,1997,2525,1415,729,911,911,9,44185,111,4211,5178,3375,6344,5776,5773,2790,10627,44185,399,327,1851,5418,8748,9362,7417,5206,5457,39,109,6.1,44185,431,2887,10745,21217,7333,1572,41239,29362,11877,2.53,2.31,41239,6149,17644,8262,3592,3172,2420,41239,2080,12535,16136,10488,41239,23376,3705,10836,1820,0,954,16,368,164,41239,261,391,907,41239,40832,327,80,29362,1433,7742,7876,5632,4573,1627,394,85,133700,29362,20167,9195,20167,30,386,1414,4699,7713,3680,2245,1223,9195,50,339,1506,2750,4550,398,20098,8530,3791,2028,1642,4107,69,9113,4098,1992,1077,654,333,247,712,82,11437,201,364,1180,4764,3243,1564,121,711,440,11409,1386,1732,1947,1404,614,4326,468
2013,Clermont County; Ohio,80917,73728,7189,2.1,13.6,80917,57045,4156,781,1465,4408,5895,2377,4790,0,80917,712,13858,16331,12021,14424,6232,8503,2500,6336,80917,530,646,4408,8436,17150,15660,11711,9012,13364,39,025,6.1,80917,575,5932,19505,35146,17307,2452,73728,55465,18263,2.77,2.35,73728,10715,35881,14398,5614,4081,3039,73728,3263,19674,29875,20916,73728,27187,4372,33273,6367,3,1957,9,325,235,73728,60,251,1165,73728,72912,699,117,55465,3855,7843,14807,11638,11124,4756,1128,314,154500,55465,39510,15955,39510,78,464,1263,4791,14746,9584,8584,1446,15955,110,595,1342,3205,10703,474,39394,17099,7381,4673,2837,7404,116,15740,6297,3024,2266,1185,782,548,1638,215,17561,249,450,1573,6415,4759,3630,485,754,702,17251,1940,2444,2685,2272,1466,6444,1012
2013,Fairfield County; Ohio,58791,54309,4482,2.0,6.2,58791,45671,1769,1590,2272,2935,1149,1697,1708,0,58791,298,10878,11403,6362,8754,4687,5147,2223,9039,58791,686,729,2819,6774,10528,11380,8473,7386,10016,39,045,6.2,58791,686,4222,12996,25172,13383,2332,54309,39540,14769,2.75,2.43,54309,8424,24921,10811,4341,3432,2380,54309,2643,14897,22681,14088,54309,32807,3878,14311,1623,0,1288,24,327,51,54309,241,496,1027,54309,53563,633,113,39540,1713,5417,9326,10593,8591,3220,580,100,163700,39540,28668,10872,28668,74,389,1535,3624,9477,7665,5904,1462,10872,70,532,1670,2200,6400,441,28542,11804,5127,3627,2314,5670,126,10790,4752,2507,1270,798,459,350,654,82,14080,175,356,977,4930,4977,1841,824,774,689,13920,1354,2099,2054,1356,1346,5711,849
2013,Monroe County; Ohio,7523,6111,1412,1.5,10.4,7523,6049,17,94,85,75,31,100,1061,11,7523,13,587,794,679,1235,675,764,310,2466,7523,158,109,328,850,1486,2046,1101,686,759,39,111,5.9,7523,158,571,1780,3723,1008,283,6111,4830,1281,2.34,2.47,6111,592,2191,1200,614,675,839,6111,380,1436,2442,1853,6111,3638,605,717,383,0,652,0,91,25,6111,88,90,178,6111,6050,43,18,4830,918,1740,953,622,452,136,0,9,89100,4830,1849,2981,1849,0,123,349,639,600,92,46,876,2981,62,580,798,785,756,306,1849,961,346,131,144,267,0,2948,1504,599,311,173,143,27,191,33,955,43,78,349,314,150,15,6,506,326,947,229,134,87,96,64,337,334
2013,Trumbull County; Ohio,95846,86246,9600,2.3,10.1,95846,72720,2858,3953,3215,3962,1905,2801,4415,17,95846,179,4976,7951,6476,16545,14458,17701,9213,18347,95846,808,849,3651,12799,21030,22732,15125,8985,9867,39,155,5.9,95846,993,6235,25425,46904,13696,2593,86246,62359,23887,2.44,2.20,86246,10272,33685,16062,9299,8626,8302,86246,6191,30914,33446,15695,86246,69240,1799,9008,3175,249,1969,0,540,266,86246,179,685,3159,86246,85128,971,147,62359,9616,22753,14703,8443,5075,1327,251,191,97400,62359,36653,25706,36653,153,1270,3921,10410,13218,5276,2405,1079,25706,172,1292,4524,7328,12390,394,36506,15677,6042,4025,2836,7926,147,25438,9771,5805,3749,2009,1271,769,2064,268,21941,1038,920,4128,9638,4558,1496,163,625,1946,21373,3444,2645,2200,2117,1912,9055,2514
2013,Wood County; Ohio,53419,49086,4333,1.3,6.6,53419,35377,1685,1455,2276,3565,3095,2535,3431,0,53419,311,8011,7941,5413,9325,4991,4956,2239,10232,53419,533,1330,3207,7443,8683,9844,8304,6318,7757,39,173,6.1,53419,586,4663,13666,22548,10224,1732,49086,33171,15915,2.59,2.15,49086,9534,21740,8450,4003,2707,2652,49086,2318,15882,19981,10905,49086,34473,4516,8608,355,36,571,0,455,72,49086,168,237,910,49086,48721,316,49,33171,3108,5481,8067,7874,6185,1831,441,184,149500,33171,22910,10261,22910,59,425,1117,3857,8248,5350,3854,1359,10261,42,311,1363,1990,6555,461,22821,9848,4308,2639,1668,4358,89,10153,3874,2211,1323,954,556,280,955,108,15254,300,412,1941,5661,4187,2181,572,718,661,14974,2177,2008,1965,1503,1033,6288,941
2013,Ashland County; Ohio,22078,20207,1871,1.8,5.7,22078,17189,733,1112,535,673,316,392,1127,1,22078,84,2627,3569,2039,2908,2046,2153,1117,5535,22078,148,336,1072,2639,4223,5194,3392,2407,2667,39,005,6.0,22078,202,1503,5392,10494,3438,1049,20207,15090,5117,2.54,2.46,20207,2694,8578,4322,2027,1412,1174,20207,1431,5793,7688,5295,20207,10406,2046,3965,1464,16,2029,42,204,35,20207,365,429,806,20207,19880,216,111,15090,1284,3892,4497,2742,1826,658,162,29,122100,15090,9691,5399,9691,73,401,1029,2302,3757,1514,615,1126,5399,0,183,922,1753,2541,391,9635,3802,1635,1410,618,2170,56,5363,1968,1315,737,401,359,198,385,36,4758,158,191,812,1763,1139,532,163,674,359,4582,747,755,704,391,377,1608,535
2013,Meigs County; Ohio,11093,9560,1533,1.8,0.9,11093,7894,64,198,120,76,51,178,2512,0,11093,8,1404,2185,1396,1585,798,630,517,2570,11093,67,147,506,1646,2574,2442,1649,1006,1056,39,105,5.7,11093,119,708,3138,5475,1260,393,9560,7596,1964,2.48,2.31,9560,1137,3952,2136,980,733,622,9560,606,2715,3626,2613,9560,2605,1692,4366,164,6,617,0,101,9,9560,152,78,341,9560,9529,22,9,7596,2219,2393,1249,923,533,259,20,0,82600,7596,3589,4007,3589,13,215,729,953,1293,255,131,968,4007,109,601,1104,920,1273,324,3576,1524,591,591,170,700,13,3967,1609,795,389,257,164,200,553,40,1518,34,180,353,607,294,17,33,566,446,1483,173,221,197,112,127,653,481
2013,Champaign County; Ohio,16707,15014,1693,2.4,11.2,16707,13139,172,706,599,363,209,274,1245,0,16707,44,1447,2622,1921,2290,1277,1676,582,4848,16707,112,174,798,1986,3394,3744,2361,1922,2216,39,021,6.0,16707,136,1252,3954,8161,2757,447,15014,11158,3856,2.59,2.63,15014,2060,6107,3312,1387,1272,876,15014,621,4548,5808,4037,15014,5603,3907,3470,958,18,761,20,207,70,15014,43,99,354,15014,14878,85,51,11158,995,2952,3290,1869,1508,453,58,33,124600,11158,6940,4218,6940,1,89,593,1758,2437,1495,567,1188,4218,9,236,426,1015,2532,442,6931,2750,1456,720,559,1446,9,4207,1604,985,535,296,234,151,402,11,3506,64,151,506,1285,941,519,40,688,350,3472,418,638,405,314,210,1487,384
2013,Greene County; Ohio,68477,62836,5641,1.8,5.9,68477,49531,3370,1850,2875,3795,3605,2376,1075,0,68477,548,10458,9262,6364,11441,10866,10101,2805,6632,68477,781,926,4204,7706,12361,12960,9916,8328,11295,39,057,6.1,68477,817,5622,14071,31133,14291,2543,62836,42601,20235,2.52,2.29,62836,10487,29307,9552,5267,4479,3744,62836,3200,19955,25401,14280,62836,37931,3609,17952,2164,18,795,10,248,109,62836,165,266,1598,62836,62391,356,89,42601,1534,7640,10267,9360,8526,4183,830,261,158000,42601,29515,13086,29515,31,420,1282,4596,9479,7241,6466,1439,13086,22,284,1050,2373,9357,514,29440,12713,5411,3569,2204,5543,75,12989,5287,2944,1706,996,627,296,1133,97,19356,346,670,1272,5295,5832,4516,1425,834,879,18678,2253,2912,2516,2039,1528,7430,1557
2013,Lawrence County; Ohio,27486,24009,3477,1.3,7.0,27486,20420,323,836,853,481,106,346,4108,13,27486,75,2715,4174,3540,4926,3672,3068,1700,3616,27486,204,190,1090,5079,6822,5632,4436,1955,2078,39,087,5.6,27486,245,1722,8211,13622,3104,582,24009,17597,6412,2.61,2.46,24009,2573,10377,4612,2457,2272,1718,24009,1467,7673,9520,5349,24009,9528,3667,9537,491,86,607,0,75,18,24009,137,116,726,24009,23645,285,79,17597,3035,6098,3671,2607,1439,470,118,159,97200,17597,9255,8342,9255,13,379,1178,2984,3362,955,384,1008,8342,74,879,2021,2015,3353,356,9210,4083,1726,843,634,1924,45,8240,3429,1717,975,648,386,272,813,102,5500,210,268,1056,2756,873,307,30,618,912,5440,977,752,573,515,438,2185,972
2013,Morgan County; Ohio,7862,6204,1658,2.6,8.3,7862,5729,57,101,79,36,55,92,1713,0,7862,27,898,1054,989,1434,705,540,221,1994,7862,88,225,533,1115,1636,1712,1053,815,685,39,115,5.7,7862,88,806,2066,3750,859,293,6204,4794,1410,2.46,2.14,6204,631,2560,1240,723,622,428,6204,321,1700,2258,1925,6204,2458,948,1754,221,0,606,0,192,25,6204,44,42,318,6204,6113,59,32,4794,940,1671,796,676,427,215,17,52,89000,4794,2433,2361,2433,0,79,379,712,863,329,71,1021,2361,107,377,686,636,555,302,2427,1040,422,256,204,505,6,2331,1201,424,299,94,85,10,218,30,1049,37,45,362,490,75,24,16,550,361,1042,103,183,59,114,68,515,368
2013,Wyandot County; Ohio,9859,9284,575,1.6,5.2,9859,7752,170,425,227,456,124,155,550,0,9859,108,963,903,849,1230,684,988,593,3541,9859,136,110,359,1378,1751,1910,1734,1172,1309,39,175,6.1,9859,204,511,2819,4527,1517,281,9284,6613,2671,2.47,2.21,9284,1084,3927,1710,1010,766,787,9284,447,2853,3593,2391,9284,4224,1381,2366,445,54,718,0,85,11,9284,0,79,255,9284,9235,49,0,6613,878,2264,1666,1008,599,133,48,17,103500,6613,3900,2713,3900,7,173,480,1403,1174,523,140,973,2713,49,194,611,777,1082,363,3878,1872,573,491,211,731,22,2690,1320,561,254,143,126,78,208,23,2405,16,83,474,1256,393,157,26,598,266,2403,368,475,325,268,184,783,268
2013,Erie County; Ohio,37767,31972,5795,2.8,5.7,37767,27650,1511,1639,1561,1596,1128,1282,1400,0,37767,106,2464,4469,3136,5150,5342,5341,2430,9329,37767,318,493,1953,5266,7076,7840,6244,3997,4580,39,043,6.0,37767,328,3082,10361,16451,6287,1258,31972,22063,9909,2.41,2.22,31972,4478,13321,6015,3030,2652,2476,31972,2208,10878,12854,6032,31972,20831,2245,7428,494,60,687,15,114,98,31972,84,79,738,31972,31661,279,32,22063,1933,5097,5731,4211,3375,963,653,100,135200,22063,14019,8044,14019,52,402,1067,3015,5028,2590,1865,1230,8044,29,276,1245,1546,4948,449,13993,5715,2585,1581,1239,2873,26,7989,3006,1440,1267,621,371,311,973,55,9201,324,308,1141,3619,2721,1036,52,696,708,8990,1262,1250,1550,935,734,3259,919
2013,Logan County; Ohio,23119,18143,4976,2.3,7.1,23119,17302,417,626,814,584,477,213,2657,29,23119,64,2578,3094,2348,3104,2482,2239,1429,5781,23119,109,205,1504,4027,5172,4252,3502,2280,2068,39,091,5.6,23119,146,1826,7079,10473,2801,794,18143,13438,4705,2.47,2.55,18143,2556,8697,3278,1461,1138,1013,18143,1188,5532,6681,4742,18143,8149,3771,3923,613,22,1230,0,365,70,18143,237,221,674,18143,17890,208,45,13438,1459,3897,3427,2345,1583,488,191,48,118600,13438,8586,4852,8586,73,213,758,2291,3111,1595,545,1129,4852,27,383,740,1325,2377,396,8572,3857,1372,839,534,1970,14,4813,1593,968,843,434,330,183,462,39,4310,93,139,695,1665,1214,429,75,700,395,4294,624,505,678,498,350,1639,411
2013,Summit County; Ohio,244910,220375,24535,2.1,8.6,244910,173303,13943,10453,9394,10926,9109,15554,2228,0,244910,516,20276,28546,19881,31272,32856,42627,19552,49384,244910,3313,2938,17752,29988,47417,51661,35836,25305,30700,39,153,5.9,244910,3611,24194,64307,100172,45007,7619,220375,149549,70826,2.51,2.22,220375,30450,99954,40491,20252,13718,15510,220375,19543,77716,85087,38029,220375,197310,2032,17045,1838,10,911,10,715,504,220375,722,2000,19954,220375,218321,1715,339,149549,10238,38434,35719,27234,23712,11170,2513,529,135600,149549,102822,46727,102822,172,2017,6392,20324,35385,20069,18463,1297,46727,170,1308,5507,9955,29787,466,102434,43081,17521,12123,7337,22372,388,46400,16990,10560,6503,3627,2313,1770,4637,327,67982,1884,3098,7049,22762,20584,9922,2683,741,2844,66359,7429,8526,7921,8179,5974,28330,4467
2013,Shelby County; Ohio,20189,18311,1878,1.5,10.9,20189,15101,697,1420,753,529,395,204,1090,0,20189,104,1796,2758,2141,3461,2266,1981,1004,4678,20189,30,125,1048,2736,4450,4796,3243,1954,1807,39,149,5.9,20189,54,1299,4965,10733,2678,460,18311,13651,4660,2.74,2.42,18311,2353,7905,3848,1866,1218,1121,18311,739,5086,7562,4924,18311,8338,3303,4700,504,6,904,21,420,115,18311,97,119,574,18311,18045,248,18,13651,983,3645,3642,2411,2108,676,135,51,123400,13651,8892,4759,8892,20,201,616,2323,3336,1515,881,1160,4759,28,117,776,1174,2664,422,8874,3966,1489,906,726,1787,18,4695,1886,1070,495,347,276,224,397,64,4359,55,103,396,2116,1110,441,138,689,301,4336,558,642,619,536,431,1550,324
2013,Williams County; Ohio,16605,14947,1658,2.5,5.6,16605,12812,344,923,675,344,191,64,1252,0,16605,32,1121,2161,1289,2797,1654,1549,793,5209,16605,98,119,774,2263,3125,3783,2825,1705,1913,39,171,6.0,16605,108,984,4129,8416,2435,533,14947,11250,3697,2.45,2.39,14947,2008,6300,2993,1569,1100,977,14947,800,4550,6142,3455,14947,8405,2481,2926,158,0,722,0,165,90,14947,40,89,269,14947,14792,109,46,11250,1435,4314,2820,1411,890,213,122,45,98600,11250,7013,4237,7013,29,176,837,2188,2361,849,573,1045,4237,23,325,986,1227,1676,365,7003,2942,1200,872,525,1464,10,4177,1646,853,522,353,223,159,421,60,3367,56,199,568,1657,665,187,35,625,330,3323,497,397,358,426,335,1310,374
2013,Columbiana County; Ohio,46882,42095,4787,2.6,5.3,46882,35122,883,2110,1672,1172,678,920,4272,53,46882,145,3880,4630,3792,7333,4593,5810,3447,13252,46882,411,832,2099,6806,10898,10538,6866,4339,4093,39,029,5.7,46882,504,3629,14083,22197,5413,1056,42095,30560,11535,2.52,2.26,42095,4955,17697,7706,4635,3577,3525,42095,3349,12477,15784,10485,42095,21311,2563,10866,4617,115,2171,0,351,101,42095,182,431,910,42095,41587,486,22,30560,5321,10728,6615,4086,2465,983,205,157,96000,30560,17865,12695,17865,126,797,2101,5421,6115,2154,1151,1035,12695,188,1030,3577,3437,4463,343,17789,8117,2941,1820,1280,3631,76,12547,5596,2638,1603,899,481,283,1047,148,10084,448,550,2163,4433,1940,463,87,589,1451,9874,1793,1295,1223,1124,796,3643,1661
2013,Scioto County; Ohio,34038,29452,4586,1.7,4.2,34038,24092,520,1036,489,928,523,1044,5397,9,34038,83,2698,4179,3079,5036,3140,4493,2870,8460,34038,477,391,1872,5227,7992,7805,4578,2866,2830,39,145,5.6,34038,545,2813,10573,15152,4256,699,29452,20484,8968,2.63,2.40,29452,3934,12507,5641,3203,2187,1980,29452,2144,9708,9878,7722,29452,10971,4388,11686,927,9,1254,0,173,44,29452,242,398,867,29452,29126,195,131,20484,4944,6440,3693,2837,1606,671,189,104,88200,20484,10912,9572,10912,44,592,1355,3718,3314,1195,694,975,9572,112,970,2213,2423,3854,363,10885,5055,1736,1176,665,2253,27,9499,3539,2002,1482,842,506,217,911,73,7580,332,752,1939,2743,1402,289,123,553,1388,7503,1150,714,662,884,543,3550,1465
2013,Fulton County; Ohio,17370,16285,1085,0.4,7.0,17370,13721,387,873,513,385,159,107,1225,0,17370,65,1871,2644,1387,2371,1569,1411,989,5063,17370,199,177,626,1635,2859,3974,3744,1965,2191,39,051,6.3,17370,204,713,3782,8999,3202,470,16285,13041,3244,2.64,2.37,16285,2248,6701,3481,1666,1223,966,16285,537,4393,6790,4565,16285,9094,3863,2354,142,9,578,0,116,129,16285,77,105,228,16285,16025,238,22,13041,1073,3085,3991,2680,1665,380,103,64,128900,13041,8875,4166,8875,67,181,506,2014,3587,1663,857,1213,4166,67,145,661,870,2423,439,8856,3642,1606,990,880,1738,19,4134,1550,867,548,347,166,174,482,32,2905,49,83,496,1181,745,308,43,668,339,2878,376,442,376,424,195,1065,366
2013,Gallia County; Ohio,13827,11576,2251,0.4,7.3,13827,9393,71,193,426,219,72,165,3269,19,13827,62,1949,2735,2161,2259,1285,1023,518,1835,13827,155,50,690,2282,3348,3085,1643,1266,1308,39,053,5.6,13827,157,897,3582,7195,1686,310,11576,8829,2747,2.67,2.35,11576,1380,5116,2515,1186,667,712,11576,828,3151,4392,3205,11576,2341,2129,5862,333,50,799,0,53,9,11576,91,211,489,11576,11433,58,85,8829,1822,2773,1580,1338,810,437,57,12,95500,8829,4130,4699,4130,11,55,558,987,1549,630,340,1129,4699,38,446,925,1179,2111,376,4123,1749,650,392,317,1015,7,4682,1838,888,669,374,289,202,422,17,2244,161,169,431,1010,425,48,0,580,503,2210,386,350,339,272,105,758,537
2013,Mahoning County; Ohio,111529,98201,13328,4.5,6.4,111529,84807,3757,3934,3958,5026,3014,5227,1778,28,111529,168,6490,9765,7251,14152,16369,23623,9862,23849,111529,1500,1538,5962,13706,22652,26466,17748,10759,11198,39,099,5.9,111529,1547,8846,29189,52401,16693,2853,98201,68533,29668,2.42,2.15,98201,13219,39471,17775,9504,8147,10085,98201,9152,36359,35022,17668,98201,78371,1645,12852,2745,43,1013,34,681,817,98201,333,1138,2223,98201,97353,717,131,68533,12933,23316,13773,9023,6071,2521,685,211,95800,68533,40820,27713,40820,172,1699,4424,11179,13489,5745,4112,1093,27713,369,2035,5208,7147,12954,387,40725,17460,6966,4519,3097,8683,95,27361,10514,5752,3594,2442,1716,728,2615,352,27388,994,1488,5217,11380,5577,2033,699,616,2280,26623,3726,2801,3279,2571,2530,11716,3045
2013,Morrow County; Ohio,14080,12940,1140,1.4,1.1,14080,11185,105,255,269,147,88,90,1924,17,14080,64,2445,2724,1588,1704,1023,950,415,3167,14080,161,99,651,1309,2870,3143,2576,1498,1773,39,117,6.1,14080,161,867,2778,7573,2322,379,12940,10634,2306,2.68,2.61,12940,1366,5761,2905,1308,915,685,12940,622,2727,5307,4284,12940,2583,4225,2691,1260,0,1694,0,439,48,12940,141,250,549,12940,12707,134,99,10634,1096,2609,2506,2152,1611,609,51,0,127400,10634,7180,3454,7180,34,107,441,1747,2647,1572,632,1204,3454,0,121,528,877,1928,430,7180,2888,1052,862,409,1969,0,3440,1298,767,468,260,236,97,314,14,2063,21,68,379,920,459,196,20,652,243,2060,221,333,197,261,94,954,246
2013,Preble County; Ohio,17823,16238,1585,1.7,6.8,17823,15308,291,402,394,385,181,157,705,0,17823,28,1276,2472,1535,2872,1780,2117,1006,4737,17823,105,250,629,1893,3975,4386,2972,1647,1966,39,135,6.0,17823,105,984,3849,9502,2764,619,16238,12625,3613,2.54,2.66,16238,1939,6547,3468,1836,1313,1135,16238,715,4398,6154,4971,16238,4915,2856,5565,1810,0,759,0,251,82,16238,45,126,356,16238,16101,126,11,12625,1009,3825,3586,2098,1334,499,227,47,116700,12625,8373,4252,8373,14,141,548,2235,3414,1297,724,1159,4252,43,133,608,1154,2314,420,8354,3277,1334,1138,688,1917,19,4212,1405,955,555,356,273,187,481,40,3268,114,95,485,1087,1121,364,2,717,345,3238,496,472,444,287,326,1213,375
2013,Allen County; Ohio,44902,40552,4350,1.7,5.8,44902,33639,1085,2503,1743,1297,901,1681,2049,4,44902,57,3009,4062,3298,7076,6311,7018,3712,10359,44902,717,522,2047,4892,9297,10590,7360,4910,4567,39,003,6.0,44902,781,2867,11127,22787,6299,1041,40552,27815,12737,2.55,2.41,40552,6399,17067,7702,3844,2840,2700,40552,3307,13396,15286,8563,40552,25662,3639,9463,458,0,1028,0,227,75,40552,99,449,1014,40552,39866,522,164,27815,3901,9218,6683,4133,2665,833,294,88,105000,27815,17168,10647,17168,53,475,1900,5020,5815,2434,1471,1078,10647,78,620,1995,2823,5131,394,17119,7778,2986,1991,1282,3082,49,10590,4238,2359,1360,772,527,305,1029,57,12009,351,451,1993,5194,2649,1111,260,647,728,11767,1598,1207,1382,1157,955,5468,970
2013,Crawford County; Ohio,20091,17655,2436,2.1,5.2,20091,15688,397,952,941,645,318,226,924,0,20091,29,1305,1176,1064,2649,2439,3079,1434,6916,20091,163,111,947,2254,4058,4774,3594,2238,1952,39,033,6.0,20091,191,1395,5359,9569,3194,383,17655,12349,5306,2.42,2.44,17655,2502,6923,2961,1835,1668,1766,17655,1026,6098,7074,3457,17655,10899,1896,2959,956,24,770,4,96,51,17655,1,105,289,17655,17482,143,30,12349,1914,5565,2725,1260,536,189,70,90,87300,12349,6975,5374,6975,10,305,881,2573,2402,566,238,968,5374,17,422,1112,1463,2360,377,6963,2907,1072,786,447,1751,12,5310,2200,1194,722,404,204,171,415,64,4964,140,186,852,2082,1206,462,36,643,342,4947,800,691,628,576,409,1843,359
2013,Guernsey County; Ohio,19091,15690,3401,2.0,12.3,19091,14262,96,373,607,448,113,393,2788,11,19091,21,1870,2585,2045,2696,1624,1638,926,5686,19091,147,198,1127,3090,4121,4035,2823,1843,1707,39,059,5.7,19091,166,1417,5596,8935,2540,437,15690,11564,4126,2.57,2.35,15690,1905,6845,3114,1470,1300,1056,15690,1152,4724,5554,4260,15690,7385,2109,3968,723,10,1251,0,203,41,15690,101,155,401,15690,15445,204,41,11564,1975,4288,2441,1241,1125,355,82,57,94000,11564,6523,5041,6523,26,348,971,2028,1942,760,448,985,5041,64,570,1236,1702,1469,334,6486,2649,1059,897,586,1295,37,4963,2153,1024,717,368,233,114,354,78,3745,220,278,788,1623,659,118,59,570,381,3606,388,452,506,343,400,1517,520
2013,Mercer County; Ohio,17595,15851,1744,1.0,7.3,17595,14180,182,789,523,323,118,250,1230,0,17595,147,2025,2233,1848,2515,1957,2448,788,3634,17595,60,219,759,2029,3448,4079,2947,2118,1936,39,107,6.1,17595,60,881,4217,9102,2756,579,15851,12541,3310,2.65,2.16,15851,1956,6207,2984,1935,1247,1522,15851,753,4019,6808,4271,15851,7513,2744,4274,556,8,527,10,133,86,15851,31,140,304,15851,15650,150,51,12541,1029,3377,3134,2285,1740,787,123,66,124200,12541,7017,5524,7017,6,176,585,1809,2811,895,735,1135,5524,6,189,928,1477,2924,413,7010,3164,1351,950,310,1235,7,5457,2411,1298,686,259,328,147,328,67,3011,75,49,623,1490,615,138,21,644,299,2993,572,429,372,207,301,1112,317
2013,Clark County; Ohio,61267,54963,6304,2.6,6.1,61267,45060,2602,2608,2313,2179,1145,2542,2795,23,61267,113,3551,5535,4074,8603,10164,9375,5015,14837,61267,794,611,3889,8155,14527,13839,8527,5130,5795,39,023,5.7,61267,845,5614,16044,28641,8398,1725,54963,36820,18143,2.46,2.42,54963,8442,23986,9709,5289,3857,3680,54963,4585,18554,20542,11282,54963,39083,2873,9738,2089,12,590,8,370,200,54963,334,724,1252,54963,54179,623,161,36820,4280,12829,8938,5438,3772,1112,310,141,106400,36820,23328,13492,23328,86,556,2092,6438,8638,3339,2179,1117,13492,55,732,2572,3590,6543,394,23219,10518,3690,2480,1625,4906,109,13344,5210,3190,1752,1044,651,355,1142,148,17146,599,755,2559,7126,3816,1835,456,662,997,16866,2210,1996,1780,1842,1774,7264,1277
2013,Lorain County; Ohio,127282,116705,10577,1.9,5.6,127282,94948,6538,5029,3579,3516,5429,5158,3001,84,127282,645,17950,14241,7987,20756,17155,19635,8191,20722,127282,1750,1540,6313,14436,24638,26489,19612,14831,17673,39,093,6.1,127282,1889,8600,28352,59784,25010,3647,116705,83523,33182,2.55,2.39,116705,16144,53345,20711,10162,8785,7558,116705,7696,39512,46508,22989,116705,90280,3120,19745,1144,40,1037,43,971,325,116705,448,999,2893,116705,115328,958,419,83523,5256,18106,22113,16168,14953,5521,1001,405,140700,83523,57055,26468,57055,76,1275,3097,10153,19856,12714,9884,1349,26468,36,661,3239,6461,16071,448,56795,23268,9877,7260,4081,12309,260,26249,9697,6183,3488,2424,1205,748,2504,219,31267,942,1522,3489,10359,7849,5837,1269,733,1915,30715,3695,3866,3759,3427,3005,12963,2467
2013,Montgomery County; Ohio,254361,222578,31783,2.8,7.5,254361,170283,16017,6856,17756,16269,11135,12172,3747,126,254361,358,15488,19108,20584,43687,47168,44897,21435,41636,254361,3669,3600,18688,37245,54303,55119,32802,23101,25834,39,113,5.7,254361,3947,26041,70605,109606,37932,6230,222578,138081,84497,2.38,2.24,222578,39352,98798,38424,18064,15093,12847,222578,21333,84261,80491,36493,222578,150898,4949,60820,2953,19,991,0,1265,683,222578,931,1825,5077,222578,219890,1772,916,138081,13908,45179,35792,21301,14414,5571,1517,399,112800,138081,93473,44608,93473,129,1776,5893,19588,35819,18134,12134,1242,44608,231,1300,4753,9149,29175,468,93027,36637,16386,11005,7187,21812,446,44139,13934,10287,6438,3798,2903,1697,5082,469,80705,2610,2732,9776,28502,22753,11591,2741,723,3792,79057,8872,9659,9144,9726,6919,34737,5440
2013,Warren County; Ohio,81370,76546,4824,1.4,4.6,81370,62653,5281,1735,2576,3422,3512,1300,891,0,81370,1114,21579,20734,9325,9202,6384,6858,1939,4235,81370,292,683,2763,8541,14168,14735,11471,10453,18264,39,165,6.5,81370,292,3976,16495,34630,22437,3540,76546,59662,16884,2.83,2.42,76546,11485,39881,14991,4590,2802,2797,76546,1909,19369,36952,18316,76546,40397,3608,26867,3518,0,916,8,875,357,76546,238,364,808,76546,76005,395,146,59662,1819,4627,12064,13971,15117,9843,1812,409,188500,59662,46285,13377,46285,15,333,929,3996,13520,12694,14798,1652,13377,25,243,1102,1999,10008,513,46210,19835,8550,5625,3592,8608,75,13299,5285,3113,1866,900,596,544,995,78,16133,191,391,762,3534,4688,4864,1703,919,751,15966,2338,2503,2190,1932,1477,5526,918
2013,Ashtabula County; Ohio,45958,38952,7006,2.3,8.4,45958,35135,559,2021,1290,1599,771,1285,3289,9,45958,89,3662,4915,2944,6356,4192,5921,3397,14482,45958,479,585,2713,6823,8377,10522,7225,4405,4829,39,007,5.9,45958,533,4025,12268,20839,6509,1784,38952,28230,10722,2.56,2.37,38952,5192,16037,7682,3745,3199,3097,38952,3099,13476,13870,8507,38952,23558,2023,7176,3085,191,2171,0,616,132,38952,293,610,961,38952,38407,332,213,28230,3520,8846,7229,4922,2343,901,288,181,110800,28230,17010,11220,17010,60,458,1448,5113,6484,2351,1096,1090,11220,70,1041,2204,2478,5427,393,16907,6653,2861,2026,1391,3976,103,11055,3812,2436,1676,750,636,412,1333,165,9682,242,577,1631,4304,2091,790,47,616,1040,9503,1211,845,1098,977,897,4475,1219
